 1  1  2        0.000000000540831
 1  2  1       -0.000000000540831
 1  1  3        0.000026869093130
 1  3  1       -0.000026869093130
 1  1  4        0.000000208840248
 1  4  1       -0.000000208840248
 1  1  5       -0.000000000169186
 1  5  1        0.000000000169186
 1  1  6       -0.000000009702454
 1  6  1        0.000000009702454
 1  2  3        0.002836592470041
 1  3  2       -0.002836592470041
 1  2  4        0.000001944777815
 1  4  2       -0.000001944777815
 1  2  5        0.000000000280568
 1  5  2       -0.000000000280568
 1  2  6        0.000000000928003
 1  6  2       -0.000000000928003
 1  3  4       -0.998703782966067
 1  4  3        0.998703782966067
 1  3  5        0.000899476850599
 1  5  3       -0.000899476850599
 1  3  6        0.050812366713243
 1  6  3       -0.050812366713243
 1  4  5        0.000000715474523
 1  5  4       -0.000000715474523
 1  4  6        0.000035164393247
 1  6  4       -0.000035164393247
 1  5  6        0.000000004733322
 1  6  5       -0.000000004733322
 2  1  2        0.000000000032918
 2  2  1       -0.000000000032918
 2  1  3        0.000354598017875
 2  3  1       -0.000354598017875
 2  1  4        0.000000254998248
 2  4  1       -0.000000254998248
 2  1  5        0.000000002862169
 2  5  1       -0.000000002862169
 2  1  6        0.000000190229008
 2  6  1       -0.000000190229008
 2  2  3        0.000140015133468
 2  3  2       -0.000140015133468
 2  2  4        0.000000095967697
 2  4  2       -0.000000095967697
 2  2  5       -0.000000000252104
 2  5  2        0.000000000252104
 2  2  6       -0.000000017828519
 2  6  2        0.000000017828519
 2  3  4       -0.050819931263799
 2  4  3        0.050819931263799
 2  3  5       -0.014851258081041
 2  5  3        0.014851258081041
 2  3  6       -0.998597091865279
 2  6  3        0.998597091865279
 2  4  5       -0.000010270906833
 2  5  4        0.000010270906833
 2  4  6       -0.000690932962477
 2  6  4        0.000690932962477
 2  5  6       -0.000000093042389
 2  6  5        0.000000093042389
 3  1  2       -0.753489029980133
 3  2  1        0.753489029980133
 3  1  3       -0.000001349607397
 3  3  1        0.000001349607397
 3  1  4        0.001881548820384
 3  4  1       -0.001881548820384
 3  1  5        0.657189634896008
 3  5  1       -0.657189634896008
 3  1  6       -0.009737004088129
 3  6  1        0.009737004088129
 3  2  3        0.000000166998499
 3  3  2       -0.000000166998499
 3  2  4       -0.000031781219921
 3  4  2        0.000031781219921
 3  2  5       -0.016013474622371
 3  5  2        0.016013474622371
 3  2  6        0.002812788188403
 3  6  2       -0.002812788188403
 3  3  4        0.000000008869524
 3  4  3       -0.000000008869524
 3  3  5       -0.000010179629834
 3  5  3        0.000010179629834
 3  3  6       -0.000691826708316
 3  6  3        0.000691826708316
 3  4  5        0.014893840220190
 3  5  4       -0.014893840220190
 3  4  6        0.999885522868489
 3  6  4       -0.999885522868489
 3  5  6        0.000088346977008
 3  6  5       -0.000088346977008
