 1  1  1      -1.433238263885647
 1  2  1      16.721832346442110
 1  3  1      -0.000000000000320
 2  1  1      16.721832346442110
 2  2  1       1.978013082552854
 2  3  1       0.000000000000024
 3  1  1      -0.000000000000320
 3  2  1       0.000000000000024
 3  3  1       0.544774818667206
 1  1  2      22.242628724222818
 1  2  2       1.080850556924835
 1  3  2      -0.000000000000126
 2  1  2       1.080850556924835
 2  2  2       0.061391082589253
 2  3  2       0.000000000002560
 3  1  2      -0.000000000000126
 3  2  2       0.000000000002560
 3  3  2      22.304019806812072
 1  1  3       0.000042981128414
 1  2  3       0.000006059110746
 1  3  3       0.000000000000032
 2  1  3       0.000006059110746
 2  2  3      -0.000004353635056
 2  3  3      -0.000000000000624
 3  1  3       0.000000000000032
 3  2  3      -0.000000000000624
 3  3  3       0.000038629298398
 1  1  4      -0.063097710256308
 1  2  4      -0.004006269846106
 1  3  4      -0.000000000045866
 2  1  4      -0.004006269846106
 2  2  4       0.003400143907697
 2  3  4       0.000000000901350
 3  1  4      -0.000000000045866
 3  2  4       0.000000000901350
 3  3  4      -0.059697566347362
 1  1  5       0.057609901073278
 1  2  5      -1.299030847060699
 1  3  5      -0.000000000013404
 2  1  5      -1.299030847060699
 2  2  5      25.509198522479917
 2  3  5      -0.000000000000812
 3  1  5      -0.000000000013404
 3  2  5      -0.000000000000812
 3  3  5      25.566808423553198
 1  1  6      -0.000255397692240
 1  2  6       0.013433823102923
 1  3  6      -0.000000000901254
 2  1  6       0.013433823102923
 2  2  6      -0.380259950754785
 2  3  6      -0.000000000045859
 3  1  6      -0.000000000901254
 3  2  6      -0.000000000045859
 3  3  6      -0.380515348447024
