4
Reference geometry (ANGSTROMS)
   0.189500356711854   -2.824883821360106    0.000000000000015 
   0.033350969613968    0.243290494744118    0.000000000056292 
   1.194074446295409    0.302105737401025   -0.000000000022884 
  -1.127346327665274    0.183960856194428   -0.000000000020336 
MODE 1, FREQUENCY = 27.3133151185 cm^-1
   0.401668847031290    0.013899856724400    0.000000000013589 
  -0.033870402823973   -0.006530756614121    0.000000049891507 
  -0.027590176366082   -0.131705467946167   -0.000000020281789 
  -0.040334638513545    0.118666856115295   -0.000000018023377 
MODE 2, FREQUENCY = 55.1652978314 cm^-1
   0.018211726821408   -0.374619777427756   -0.000000000000853 
  -0.001528904055130    0.031498754621195   -0.000000003290391 
  -0.001621729746362    0.034353310201546    0.000000001337600 
  -0.001504181570915    0.030022876807429    0.000000001188654 
MODE 3, FREQUENCY = 648.8293381149 cm^-1
   0.000000028082985   -0.000000201962734   -0.000014635310041 
  -0.000001892692712    0.000037149793816   -0.053735980577689 
   0.000000758283831   -0.000015081800916    0.021844649344299 
   0.000000687268965   -0.000013391260653    0.019412199334853 
MODE 4, FREQUENCY = 648.8495873969 cm^-1
  -0.000018034513444    0.000295487908105   -0.000000010121645 
   0.002732655705267   -0.053691935258021   -0.000037179560239 
  -0.001102685365098    0.021789230709189    0.000015114164061 
  -0.000990276631002    0.019360662444562    0.000013431168471 
MODE 5, FREQUENCY = 1313.3878179116 cm^-1
  -0.000002221621457    0.000029300437840   -0.000000000000960 
   0.001732922146678    0.000091122438065   -0.000000003521710 
   0.028419776655535    0.001441905194576    0.000000001431654 
  -0.026506613859530   -0.001353692313793    0.000000001272209 
MODE 6, FREQUENCY = 2308.2286271613 cm^-1
  -0.000007628293132   -0.000000718270849   -0.000000000000055 
   0.028438098211457    0.001447270534149   -0.000000000202891 
  -0.011885903426871   -0.000599753116510    0.000000000083255 
  -0.009980806240676   -0.000512440410816    0.000000000072605 
