 1  1  2        0.000000000221610
 1  2  1       -0.000000000221610
 1  1  3        0.000024052156063
 1  3  1       -0.000024052156063
 1  1  4        0.000000103455296
 1  4  1       -0.000000103455296
 1  1  5       -0.000000000064666
 1  5  1        0.000000000064666
 1  1  6        0.000000004059913
 1  6  1       -0.000000004059913
 1  2  3        0.002825689211829
 1  3  2       -0.002825689211829
 1  2  4        0.000002953806312
 1  4  2       -0.000002953806312
 1  2  5        0.000000000078051
 1  5  2       -0.000000000078051
 1  2  6       -0.000000000664718
 1  6  2        0.000000000664718
 1  3  4       -0.998665559342569
 1  4  3        0.998665559342569
 1  3  5        0.000829341973650
 1  5  3       -0.000829341973650
 1  3  6       -0.051559914050834
 1  6  3        0.051559914050834
 1  4  5        0.000000894536197
 1  5  4       -0.000000894536197
 1  4  6       -0.000054133092915
 1  6  4        0.000054133092915
 1  5  6       -0.000000001230770
 1  6  5        0.000000001230770
 2  1  2        0.000000000015620
 2  2  1       -0.000000000015620
 2  1  3        0.000345454392996
 2  3  1       -0.000345454392996
 2  1  4        0.000000366761622
 2  4  1       -0.000000366761622
 2  1  5        0.000000001044778
 2  5  1       -0.000000001044778
 2  1  6       -0.000000078186488
 2  6  1        0.000000078186488
 2  2  3        0.000141603313883
 2  3  2       -0.000141603313883
 2  2  4        0.000000148003344
 2  4  2       -0.000000148003344
 2  2  5       -0.000000000173547
 2  5  2        0.000000000173547
 2  2  6        0.000000013344240
 2  6  2       -0.000000013344240
 2  3  4       -0.051566200981755
 2  4  3        0.051566200981755
 2  3  5       -0.013239061835066
 2  5  3        0.013239061835066
 2  3  6        0.998581201024510
 2  6  3       -0.998581201024510
 2  4  5       -0.000013900805987
 2  5  4        0.000013900805987
 2  4  6        0.001048587073438
 2  6  4       -0.001048587073438
 2  5  6        0.000000023812037
 2  6  5       -0.000000023812037
 3  1  2       -0.753756897609819
 3  2  1        0.753756897609819
 3  1  3       -0.000001984366747
 3  3  1        0.000001984366747
 3  1  4        0.001884431469025
 3  4  1       -0.001884431469025
 3  1  5        0.656888983476429
 3  5  1       -0.656888983476429
 3  1  6        0.008675288620754
 3  6  1       -0.008675288620754
 3  2  3        0.000000090538451
 3  3  2       -0.000000090538451
 3  2  4       -0.000029622610838
 3  4  2        0.000029622610838
 3  2  5       -0.016353220891450
 3  5  2        0.016353220891450
 3  2  6       -0.002787283990027
 3  6  2        0.002787283990027
 3  3  4       -0.000000008307751
 3  4  3        0.000000008307751
 3  3  5       -0.000013896569663
 3  5  3        0.000013896569663
 3  3  6        0.001049980493943
 3  6  3       -0.001049980493943
 3  4  5        0.013283054576645
 3  5  4       -0.013283054576645
 3  4  6       -0.999907918093481
 3  6  4        0.999907918093481
 3  5  6       -0.000080338161915
 3  6  5        0.000080338161915
