 1  1  1      -1.451963194968256
 1  2  1      16.710935582900088
 1  3  1      -0.000000000000303
 2  1  1      16.710935582900088
 2  2  1       2.007900386859927
 2  3  1       0.000000000000027
 3  1  1      -0.000000000000303
 3  2  1       0.000000000000027
 3  3  1       0.555937191891670
 1  1  2      22.221945844226234
 1  2  2       1.095399998406374
 1  3  2      -0.000000000000124
 2  1  2       1.095399998406374
 2  2  2       0.062833243618335
 2  3  2       0.000000000002476
 3  1  2      -0.000000000000124
 3  2  2       0.000000000002476
 3  3  2      22.284779087844569
 1  1  3       0.000065533863257
 1  2  3       0.000005515101201
 1  3  3       0.000000000000047
 2  1  3       0.000005515101201
 2  2  3      -0.000004076104433
 2  3  3      -0.000000000000919
 3  1  3       0.000000000000047
 3  2  3      -0.000000000000919
 3  3  3       0.000061459511688
 1  1  4      -0.062801876862382
 1  2  4      -0.003990098249059
 1  3  4      -0.000000000045194
 2  1  4      -0.003990098249059
 2  2  4       0.003451403307297
 2  3  4       0.000000000875262
 3  1  4      -0.000000000045194
 3  2  4       0.000000000875262
 3  3  4      -0.059350473553244
 1  1  5       0.059562614854086
 1  2  5      -1.318013202179498
 1  3  5      -0.000000000011612
 2  1  5      -1.318013202179498
 2  2  5      25.507123909361741
 2  3  5      -0.000000000000727
 3  1  5      -0.000000000011612
 3  2  5      -0.000000000000727
 3  3  5      25.566686524215829
 1  1  6       0.000195490406722
 1  2  6      -0.011743696057807
 1  3  6       0.000000000875189
 2  1  6      -0.011743696057807
 2  2  6       0.339051948389209
 2  3  6       0.000000000045189
 3  1  6       0.000000000875189
 3  2  6       0.000000000045189
 3  3  6       0.339247438795931
