4
Reference geometry (ANGSTROMS)
   0.192275723932941   -2.819858548426265    0.000000000000014 
   0.033834913689785    0.248198291780931    0.000000000057523 
   1.194514140476438    0.307880404630422   -0.000000000021579 
  -1.126817749525279    0.188001802734210   -0.000000000019177 
MODE 1, FREQUENCY = 27.3260640810 cm^-1
   0.401372376443718    0.014057694388618    0.000000000005424 
  -0.034579341258294   -0.006682462371883    0.000000021574898 
  -0.028210365679335   -0.131767210321163   -0.000000008093865 
  -0.041133022508882    0.118423711744198   -0.000000007192583 
MODE 2, FREQUENCY = 55.2112714944 cm^-1
   0.018449824990492   -0.374128805646674   -0.000000000000609 
  -0.001582080909576    0.032131512317253   -0.000000002590141 
  -0.001680201555462    0.035048107896124    0.000000000971687 
  -0.001554943489158    0.030630290699105    0.000000000863488 
MODE 3, FREQUENCY = 668.1421429312 cm^-1
   0.000000024849388   -0.000000303050931   -0.000014005355615 
  -0.000003019344120    0.000058462563885   -0.055722624021025 
   0.000001122543962   -0.000021895915456    0.020904379985943 
   0.000001009917761   -0.000019451710874    0.018576631048762 
MODE 4, FREQUENCY = 668.1818837183 cm^-1
  -0.000017678624135    0.000290169858160   -0.000000014702021 
   0.002875165332955   -0.055673119198273   -0.000058511276534 
  -0.001070478795139    0.020848943403267    0.000021950544327 
  -0.000961656298683    0.018525248255596    0.000019506302677 
MODE 5, FREQUENCY = 1313.4646777647 cm^-1
  -0.000002218389173    0.000029297888896   -0.000000000000237 
   0.001723708642852    0.000092251949772   -0.000000000941714 
   0.028475479516597    0.001466018363473    0.000000000353298 
  -0.026453371243331   -0.001370793326264    0.000000000313934 
MODE 6, FREQUENCY = 2376.8672877975 cm^-1
   0.000007344945045    0.000000669124123   -0.000000000000065 
  -0.029491191510010   -0.001522950340665   -0.000000000259165 
   0.011349300959065    0.000581153338174    0.000000000096483 
   0.009574546246197    0.000498758126816    0.000000000087060 
