 1  1  2        0.000000000378239
 1  2  1       -0.000000000378239
 1  1  3        0.000000130949640
 1  3  1       -0.000000130949640
 1  1  4       -0.000000130372606
 1  4  1        0.000000130372606
 1  1  5       -0.000000000019255
 1  5  1        0.000000000019255
 1  1  6        0.000000000021690
 1  6  1       -0.000000000021690
 1  2  3       -0.002898411212310
 1  3  2        0.002898411212310
 1  2  4       -0.000002601136249
 1  4  2        0.000002601136249
 1  2  5       -0.000000000122590
 1  5  2        0.000000000122590
 1  2  6       -0.000000000005782
 1  6  2        0.000000000005782
 1  3  4       -0.999995788700428
 1  4  3        0.999995788700428
 1  3  5       -0.000147604147724
 1  5  3        0.000147604147724
 1  3  6        0.000000242293306
 1  6  3       -0.000000242293306
 1  4  5       -0.000000090169827
 1  5  4        0.000000090169827
 1  4  6        0.000000002212378
 1  6  4       -0.000000002212378
 1  5  6        0.000000000000305
 1  6  5       -0.000000000000305
 2  1  2        0.000000000000132
 2  2  1       -0.000000000000132
 2  1  3        0.000342437345190
 2  3  1       -0.000342437345190
 2  1  4        0.000000307274608
 2  4  1       -0.000000307274608
 2  1  5        0.000000000014377
 2  5  1       -0.000000000014377
 2  1  6        0.000000130491294
 2  6  1       -0.000000130491294
 2  2  3        0.000000001342832
 2  3  2       -0.000000001342832
 2  2  4        0.000000000001205
 2  4  2       -0.000000000001205
 2  2  5       -0.000000000000002
 2  5  2        0.000000000000002
 2  2  6        0.000000000128829
 2  6  2       -0.000000000128829
 2  3  4        0.000000242340961
 2  4  3       -0.000000242340961
 2  3  5       -0.000000026085782
 2  5  3        0.000000026085782
 2  3  6        0.999999538701179
 2  6  3       -0.999999538701179
 2  4  5       -0.000000000023419
 2  5  4        0.000000000023419
 2  4  6        0.000897403990177
 2  6  4       -0.000897403990177
 2  5  6        0.000000042257414
 2  6  5       -0.000000042257414
 3  1  2        0.762896786497190
 3  2  1       -0.762896786497190
 3  1  3       -0.000001735427572
 3  3  1        0.000001735427572
 3  1  4        0.001964188163249
 3  4  1       -0.001964188163249
 3  1  5       -0.646517312305886
 3  5  1        0.646517312305886
 3  1  6       -0.000000147149077
 3  6  1        0.000000147149077
 3  2  3        0.000000099456784
 3  3  2       -0.000000099456784
 3  2  4        0.000000098948789
 3  4  2       -0.000000098948789
 3  2  5        0.000001685750831
 3  5  2       -0.000001685750831
 3  2  6        0.002637168078731
 3  6  2       -0.002637168078731
 3  3  4       -0.000000002251247
 3  4  3        0.000000002251247
 3  3  5        0.000000084260871
 3  5  3       -0.000000084260871
 3  3  6        0.000897400916321
 3  6  3       -0.000897400916321
 3  4  5        0.000000115615599
 3  5  4       -0.000000115615599
 3  4  6       -0.999996117278206
 3  6  4        0.999996117278206
 3  5  6        0.000073787596320
 3  6  5       -0.000073787596320
