 1  1  1      -0.000048873410204
 1  2  1      17.030759125865078
 1  3  1      -0.000000000000302
 2  1  1      17.030759125865078
 2  2  1      -0.000009352441845
 2  3  1       0.000000000000006
 3  1  1      -0.000000000000302
 3  2  1       0.000000000000006
 3  3  1      -0.000058225852048
 1  1  2     -22.316198136268230
 1  2  2      -0.000037293692366
 1  3  2       0.000000000000000
 2  1  2      -0.000037293692366
 2  2  2      -0.010379671330456
 2  3  2      -0.000000000002560
 3  1  2       0.000000000000000
 3  2  2      -0.000000000002560
 3  3  2     -22.326577807598689
 1  1  3       0.000058048514416
 1  2  3      -0.000002220270252
 1  3  3      -0.000000000000000
 2  1  3      -0.000002220270252
 2  2  3      -0.000002350277844
 2  3  3      -0.000000000000793
 3  1  3      -0.000000000000000
 3  2  3      -0.000000000000793
 3  3  3       0.000055700003112
 1  1  4      -0.064683087208566
 1  2  4      -0.000002335971036
 1  3  4       0.000000000000000
 2  1  4      -0.000002335971036
 2  2  4       0.003859971981586
 2  3  4       0.000000000883266
 3  1  4       0.000000000000000
 3  2  4       0.000000000883266
 3  3  4      -0.060823115225395
 1  1  5       0.008779704593248
 1  2  5      -0.000006029515133
 1  3  5       0.000000000000010
 2  1  5      -0.000006029515133
 2  2  5     -26.354545868671686
 2  3  5       0.000000000000130
 3  1  5       0.000000000000010
 3  2  5       0.000000000000130
 3  3  5     -26.345766164078437
 1  1  6      -0.000000030798604
 1  2  6       0.005831970631819
 1  3  6       0.000000000883270
 2  1  6       0.005831970631819
 2  2  6      -0.000000691631242
 2  3  6      -0.000000000000000
 3  1  6       0.000000000883270
 3  2  6      -0.000000000000000
 3  3  6      -0.000000722429847
