4
Reference geometry (ANGSTROMS)
  -0.000000924922856   -2.835498487738710    0.000000000000015 
   0.000000077148082    0.236646734266862    0.000000000058424 
   1.162212689205805    0.236388931617305   -0.000000000019477 
  -1.162212534958490    0.236389475273884   -0.000000000019478 
MODE 1, FREQUENCY = 26.9556257365 cm^-1
   0.409861116833352    0.000001272036807   -0.000000000009170 
  -0.034110691968423   -0.000000142737647   -0.000000036483460 
  -0.034201152574404   -0.120455373460765    0.000000012162777 
  -0.034201098861967    0.120455185751597    0.000000012162741 
MODE 2, FREQUENCY = 55.1112907472 cm^-1
  -0.000000627645140    0.375601638418431   -0.000000000000049 
   0.000000052644963   -0.030780438118799   -0.000000000025189 
  -0.000051290598100   -0.031501777940178    0.000000000008403 
   0.000051395073804   -0.031502218900125    0.000000000008402 
MODE 3, FREQUENCY = 662.9693597352 cm^-1
  -0.000000010774203   -0.000000268978715   -0.000014169590394 
   0.000000001021411    0.000050615420970   -0.056376059259063 
  -0.000000002493143   -0.000016839519626    0.018794471206816 
   0.000000004208108   -0.000016845852518    0.018794471208743 
MODE 4, FREQUENCY = 663.0227772303 cm^-1
  -0.000000011343052    0.000299704006324   -0.000000012711055 
  -0.000000012715191   -0.056399746190882   -0.000050590086166 
   0.000005510235495    0.018767471412444    0.000016865561435 
  -0.000005499235870    0.018767464691499    0.000016865561437 
MODE 5, FREQUENCY = 1274.9911352778 cm^-1
   0.000000000470960   -0.000030723807558   -0.000000000000432 
   0.000000001022213   -0.000003436449131   -0.000000001719235 
  -0.027103071020864    0.000004567871603    0.000000000573153 
   0.027103070234626    0.000004555475962    0.000000000573153 
MODE 6, FREQUENCY = 2357.9980957822 cm^-1
   0.000007492879559    0.000000000084578   -0.000000000000015 
  -0.029894277579814    0.000000007236030   -0.000000000059635 
   0.009964390038490   -0.000004412640423    0.000000000019213 
   0.009964391082678    0.000004407797370    0.000000000020549 
