 1  1  2        0.000000000540729
 1  2  1       -0.000000000540729
 1  1  3        0.000000154412207
 1  3  1       -0.000000154412207
 1  1  4       -0.000000192403810
 1  4  1        0.000000192403810
 1  1  5       -0.000000000027845
 1  5  1        0.000000000027845
 1  1  6        0.000000000023974
 1  6  1       -0.000000000023974
 1  2  3        0.002768840312626
 1  3  2       -0.002768840312626
 1  2  4        0.000051773391592
 1  4  2       -0.000051773391592
 1  2  5        0.000000000227201
 1  5  2       -0.000000000227201
 1  2  6        0.000000000003480
 1  6  2       -0.000000000003480
 1  3  4        0.999996155236680
 1  4  3       -0.999996155236680
 1  3  5        0.000142645769713
 1  5  3       -0.000142645769713
 1  3  6        0.000000368454002
 1  6  3       -0.000000368454002
 1  4  5        0.000002585217872
 1  5  4       -0.000002585217872
 1  4  6        0.000000005632524
 1  6  4       -0.000000005632524
 1  5  6       -0.000000000000149
 1  6  5        0.000000000000149
 2  1  2        0.000000000001883
 2  2  1       -0.000000000001883
 2  1  3        0.000353916959238
 2  3  1       -0.000353916959238
 2  1  4        0.000006617059039
 2  4  1       -0.000006617059039
 2  1  5        0.000000000028952
 2  5  1       -0.000000000028952
 2  1  6       -0.000000195256956
 2  6  1        0.000000195256956
 2  2  3       -0.000000005259406
 2  3  2        0.000000005259406
 2  2  4       -0.000000000098335
 2  4  2        0.000000000098335
 2  2  5       -0.000000000000017
 2  5  2        0.000000000000017
 2  2  6        0.000000005566527
 2  6  2       -0.000000005566527
 2  3  4       -0.000000368535946
 2  4  3        0.000000368535946
 2  3  5        0.000000005840671
 2  5  3       -0.000000005840671
 2  3  6        0.999825202526171
 2  6  3       -0.999825202526171
 2  4  5        0.000000000109232
 2  5  4       -0.000000000109232
 2  4  6        0.018693290034661
 2  6  4       -0.018693290034661
 2  5  6        0.000000081789127
 2  6  5       -0.000000081789127
 3  1  2       -0.744537387915586
 3  2  1        0.744537387915586
 3  1  3        0.000033656131602
 3  3  1       -0.000033656131602
 3  1  4       -0.001802822330776
 3  4  1        0.001802822330776
 3  1  5        0.667578330002482
 3  5  1       -0.667578330002482
 3  1  6       -0.000000151436374
 3  6  1        0.000000151436374
 3  2  3        0.000000143330383
 3  3  2       -0.000000143330383
 3  2  4        0.000000110972953
 3  4  2       -0.000000110972953
 3  2  5       -0.000002404621355
 3  5  2        0.000002404621355
 3  2  6       -0.002505774011560
 3  6  2        0.002505774011560
 3  3  4        0.000000000904011
 3  4  3       -0.000000000904011
 3  3  5        0.000000128460930
 3  5  3       -0.000000128460930
 3  3  6       -0.018693232415520
 3  6  3        0.018693232415520
 3  4  5        0.000000102230794
 3  5  4       -0.000000102230794
 3  4  6        0.999822121874734
 3  6  4       -0.999822121874734
 3  5  6       -0.000093639419481
 3  6  5        0.000093639419481
