 1  1  1       0.000092987138404
 1  2  1      16.578394339968707
 1  3  1      -0.000000000000317
 2  1  1      16.578394339968707
 2  2  1      -0.000012784947397
 2  3  1       0.000000000000007
 3  1  1      -0.000000000000317
 3  2  1       0.000000000000007
 3  3  1       0.000080202191006
 1  1  2      22.259135489414426
 1  2  2      -0.000069259128855
 1  3  2       0.000000000000000
 2  1  2      -0.000069259128855
 2  2  2       0.009246301916763
 2  3  2       0.000000000002479
 3  1  2       0.000000000000000
 3  2  2       0.000000000002479
 3  3  2      22.268381791331191
 1  1  3      -0.001152456745379
 1  2  3       0.000003193399457
 1  3  3       0.000000000000000
 2  1  3       0.000003193399457
 2  2  3       0.000063747618283
 2  3  3       0.000000000016735
 3  1  3       0.000000000000000
 3  2  3       0.000000000016735
 3  3  3      -0.001088707336952
 1  1  4       0.061633409122887
 1  2  4       0.000002364765148
 1  3  4      -0.000000000000000
 2  1  4       0.000002364765148
 2  2  4      -0.003518294152017
 2  3  4      -0.000000000895069
 3  1  4      -0.000000000000000
 3  2  4      -0.000000000895069
 3  3  4       0.058115115004340
 1  1  5      -0.008275572017814
 1  2  5       0.000008557553314
 1  3  5      -0.000000000000010
 2  1  5       0.000008557553314
 2  2  5      24.843934362556656
 2  3  5      -0.000000000000128
 3  1  5      -0.000000000000010
 3  2  5      -0.000000000000128
 3  3  5      24.835658790538840
 1  1  6      -0.000000061408382
 1  2  6       0.005868400705928
 1  3  6       0.000000000895228
 2  1  6       0.005868400705928
 2  2  6      -0.000000151001694
 2  3  6      -0.000000000000000
 3  1  6       0.000000000895228
 3  2  6      -0.000000000000000
 3  3  6      -0.000000212410076
