4
Reference geometry (ANGSTROMS)
  -0.000001320097699   -2.821004919948993    0.000000000000015 
   0.000000117479495    0.251140302056406    0.000000000055386 
   1.162212729500661    0.250882334651986   -0.000000000022515 
  -1.162212494663535    0.250883207818291   -0.000000000022516 
MODE 1, FREQUENCY = 27.6910287655 cm^-1
   0.393639728554402   -0.000002060040102    0.000000000013721 
  -0.034952491537580    0.000000144494007    0.000000050378550 
  -0.035045053319433   -0.130184456503590   -0.000000020479780 
  -0.035044974368095    0.130184854543574   -0.000000020479783 
MODE 2, FREQUENCY = 55.2564240809 cm^-1
  -0.000001164215803   -0.374147666311302   -0.000000000000235 
   0.000000102683635    0.032802715635444   -0.000000001016721 
   0.000051503980749    0.033480321878036    0.000000000413306 
  -0.000051296123299    0.033479667664474    0.000000000413310 
MODE 3, FREQUENCY = 654.1137775458 cm^-1
   0.000000015600808    0.000005359924968   -0.000014455789482 
  -0.000000001684252   -0.000992851661690   -0.053076841229943 
   0.000000101730989    0.000402902550128    0.021576697261424 
  -0.000000104265727    0.000402912867566    0.021576697263637 
MODE 4, FREQUENCY = 654.1205885784 cm^-1
   0.000000011564527   -0.000286646075617   -0.000000270276476 
   0.000000018532878    0.053103166449095   -0.000992349081403 
  -0.000005693452039   -0.021549727707517    0.000403407875073 
   0.000005675491467   -0.021549719975077    0.000403407875114 
MODE 5, FREQUENCY = 1352.5157375153 cm^-1
  -0.000000002633187    0.000028117389211   -0.000000000000822 
   0.000000000017734    0.000002764013352   -0.000000003018149 
   0.027914901036767   -0.000004651217523    0.000000001226932 
  -0.027914900392250   -0.000004631995516    0.000000001226932 
MODE 6, FREQUENCY = 2326.4861358913 cm^-1
   0.000007535370782    0.000000000167611   -0.000000000000010 
  -0.028149988917359    0.000000010357960   -0.000000000035357 
   0.011441578092060   -0.000005031781383    0.000000000013606 
   0.011441578347259    0.000005023318750    0.000000000015140 
