 1  1  2       -0.000000000296606
 1  2  1        0.000000000296606
 1  1  3        0.000000027503300
 1  3  1       -0.000000027503300
 1  1  4       -0.000000107305564
 1  4  1        0.000000107305564
 1  1  5        0.000000000015506
 1  5  1       -0.000000000015506
 1  1  6       -0.000000000023388
 1  6  1        0.000000000023388
 1  2  3       -0.002763393524649
 1  3  2        0.002763393524649
 1  2  4       -0.000003249878640
 1  4  2        0.000003249878640
 1  2  5       -0.000000000055667
 1  5  2        0.000000000055667
 1  2  6       -0.000000000062725
 1  6  2        0.000000000062725
 1  3  4        0.999996171382466
 1  4  3       -0.999996171382466
 1  3  5       -0.000144450310944
 1  5  3        0.000144450310944
 1  3  6        0.000000367701293
 1  6  3       -0.000000367701293
 1  4  5       -0.000000190024741
 1  5  4        0.000000190024741
 1  4  6       -0.000000022266005
 1  6  4        0.000000022266005
 1  5  6        0.000000000003286
 1  6  5       -0.000000000003286
 2  1  2       -0.000000000023879
 2  2  1        0.000000000023879
 2  1  3       -0.000345114785855
 2  3  1        0.000345114785855
 2  1  4       -0.000000414506482
 2  4  1        0.000000414506482
 2  1  5       -0.000000000005652
 2  5  1        0.000000000005652
 2  1  6       -0.000000107346759
 2  6  1        0.000000107346759
 2  2  3       -0.000000006886588
 2  3  2        0.000000006886588
 2  2  4       -0.000000000008296
 2  4  2        0.000000000008296
 2  2  5        0.000000000000002
 2  5  2       -0.000000000000002
 2  2  6        0.000000068952434
 2  6  2       -0.000000068952434
 2  3  4       -0.000000367683712
 2  4  3        0.000000367683712
 2  3  5        0.000000010685877
 2  5  3       -0.000000010685877
 2  3  6        0.999999219267112
 2  6  3       -0.999999219267112
 2  4  5        0.000000000012840
 2  5  4       -0.000000000012840
 2  4  6        0.001200983191745
 2  6  4       -0.001200983191745
 2  5  6        0.000000016507237
 2  6  5       -0.000000016507237
 3  1  2       -0.744846333358207
 3  2  1        0.744846333358207
 3  1  3       -0.000002132952723
 3  3  1        0.000002132952723
 3  1  4        0.001809577776504
 3  4  1       -0.001809577776504
 3  1  5        0.667233591108652
 3  5  1       -0.667233591108652
 3  1  6       -0.000000028709585
 3  6  1        0.000000028709585
 3  2  3        0.000000079878608
 3  3  2       -0.000000079878608
 3  2  4        0.000000012919134
 3  4  2       -0.000000012919134
 3  2  5        0.000001672011221
 3  5  2       -0.000001672011221
 3  2  6        0.002506337915795
 3  6  2       -0.002506337915795
 3  3  4        0.000000022901846
 3  4  3       -0.000000022901846
 3  3  5        0.000000071592661
 3  5  3       -0.000000071592661
 3  3  6       -0.001200979660959
 3  6  3        0.001200979660959
 3  4  5        0.000000024448228
 3  5  4       -0.000000024448228
 3  4  6        0.999996134268881
 3  6  4       -0.999996134268881
 3  5  6        0.000085821914129
 3  6  5       -0.000085821914129
