 1  1  1       0.000042404259960
 1  2  1     -16.569820830503218
 1  3  1       0.000000000000300
 2  1  1     -16.569820830503218
 2  2  1       0.000013343754486
 2  3  1      -0.000000000000000
 3  1  1       0.000000000000300
 3  2  1      -0.000000000000000
 3  3  1       0.000055748014447
 1  1  2     -22.238396662837275
 1  2  2      -0.000031599685265
 1  3  2       0.000000000000000
 2  1  2      -0.000031599685265
 2  2  2      -0.009254463316926
 2  3  2      -0.000000000002403
 3  1  2       0.000000000000000
 3  2  2      -0.000000000002403
 3  3  2     -22.247651126154199
 1  1  3      -0.000072273934924
 1  2  3      -0.000001778269107
 1  3  3      -0.000000000000000
 2  1  3      -0.000001778269107
 2  2  3       0.000004690035942
 2  3  3       0.000000000001045
 3  1  3      -0.000000000000000
 3  2  3       0.000000000001045
 3  3  3      -0.000067582159482
 1  1  4       0.061454871962320
 1  2  4      -0.000000371790363
 1  3  4      -0.000000000000000
 2  1  4      -0.000000371790363
 2  2  4      -0.003563153961130
 2  3  4      -0.000000000869746
 3  1  4      -0.000000000000000
 3  2  4      -0.000000000869746
 3  3  4       0.057891718003279
 1  1  5       0.008275076333609
 1  2  5      -0.000008887818601
 1  3  5       0.000000000000000
 2  1  5      -0.000008887818601
 2  2  5     -24.843934353205562
 2  3  5       0.000000000000126
 3  1  5       0.000000000000000
 3  2  5       0.000000000000126
 3  3  5     -24.835659276871951
 1  1  6       0.000000161019991
 1  2  6       0.005718494632944
 1  3  6       0.000000000869750
 2  1  6       0.005718494632944
 2  2  6       0.000000259627928
 2  3  6      -0.000000000000000
 3  1  6       0.000000000869750
 3  2  6      -0.000000000000000
 3  3  6       0.000000420647919
