4
Reference geometry (ANGSTROMS)
  -0.000001307732619   -2.815754449740592    0.000000000000014 
   0.000000119033312    0.256390772264812    0.000000000056649 
   1.162212731055385    0.256132808950364   -0.000000000021252 
  -1.162212493108814    0.256133673936725   -0.000000000021252 
MODE 1, FREQUENCY = 27.7060392846 cm^-1
  -0.393330099808863   -0.000001152952700    0.000000000007326 
   0.035721267341132    0.000000097544389    0.000000029148261 
   0.035814212675482    0.130082186131772   -0.000000010934990 
   0.035814123993195   -0.130081970795878   -0.000000010934969 
MODE 2, FREQUENCY = 55.3065689893 cm^-1
  -0.000000530852545    0.373630082357844   -0.000000000003371 
   0.000000047013569   -0.033490048121550   -0.000000013252680 
  -0.000051373308868   -0.034186020348897    0.000000004971758 
   0.000051470879211   -0.034186486291299    0.000000004971758 
MODE 3, FREQUENCY = 673.2752758366 cm^-1
  -0.000000008562736    0.000000331393847   -0.000013845493661 
   0.000000002004237   -0.000066189563022   -0.055086586832450 
   0.000000007790008    0.000024790345332    0.020665770205646 
  -0.000000007150906    0.000024784681296    0.020665770207764 
MODE 4, FREQUENCY = 673.3013534635 cm^-1
  -0.000000001778800   -0.000282077432309   -0.000000016632084 
   0.000000020417982    0.055112254611083   -0.000066156834950 
  -0.000005681794482   -0.020638371928436    0.000024818781778 
   0.000005666921258   -0.020638373023809    0.000024818781780 
MODE 5, FREQUENCY = 1352.5157933363 cm^-1
   0.000000001213925   -0.000028115719385   -0.000000000000161 
  -0.000000000524823   -0.000003054259076   -0.000000000642933 
  -0.027914900082966    0.000004673563719    0.000000000241197 
   0.027914900172933    0.000004653599467    0.000000000241197 
MODE 6, FREQUENCY = 2394.6437253226 cm^-1
   0.000007259679051   -0.000000000403004   -0.000000000000167 
  -0.029210688808726    0.000000010776473   -0.000000000663277 
   0.010956582873168   -0.000004832891257    0.000000000248094 
   0.010956582431328    0.000004824907181    0.000000000249563 
