 1  1  2        0.000000000477811
 1  2  1       -0.000000000477811
 1  1  3        0.000000025488632
 1  3  1       -0.000000025488632
 1  1  4       -0.000000163933891
 1  4  1        0.000000163933891
 1  1  5        0.000000000023826
 1  5  1       -0.000000000023826
 1  1  6        0.000000000022359
 1  6  1       -0.000000000022359
 1  2  3        0.002914492426636
 1  3  2       -0.002914492426636
 1  2  4        0.000000358500127
 1  4  2       -0.000000358500127
 1  2  5        0.000000000105600
 1  5  2       -0.000000000105600
 1  2  6        0.000000000035569
 1  6  2       -0.000000000035569
 1  3  4        0.999995742297173
 1  4  3       -0.999995742297173
 1  3  5       -0.000145331399833
 1  5  3        0.000145331399833
 1  3  6       -0.000000217499852
 1  6  3        0.000000217499852
 1  4  5       -0.000000054109322
 1  5  4        0.000000054109322
 1  4  6       -0.000000012230771
 1  6  4        0.000000012230771
 1  5  6        0.000000000001766
 1  6  5       -0.000000000001766
 2  1  2       -0.000000000004966
 2  2  1        0.000000000004966
 2  1  3       -0.000351636095822
 2  3  1        0.000351636095822
 2  1  4       -0.000000041545288
 2  4  1        0.000000041545288
 2  1  5       -0.000000000012940
 2  5  1        0.000000000012940
 2  1  6        0.000000163933295
 2  6  1       -0.000000163933295
 2  2  3       -0.000000002828316
 2  3  2        0.000000002828316
 2  2  4       -0.000000000000337
 2  4  2        0.000000000000337
 2  2  5       -0.000000000000005
 2  5  2        0.000000000000005
 2  2  6       -0.000000014373800
 2  6  2        0.000000014373800
 2  3  4       -0.000000217480872
 2  4  3        0.000000217480872
 2  3  5        0.000000028455494
 2  5  3       -0.000000028455494
 2  3  6       -0.999999931206878
 2  6  3        0.999999931206878
 2  4  5        0.000000000003368
 2  5  4       -0.000000000003368
 2  4  6       -0.000118060225225
 2  6  4        0.000118060225225
 2  5  6       -0.000000036917073
 2  6  5        0.000000036917073
 3  1  2        0.762645035830370
 3  2  1       -0.762645035830370
 3  1  3       -0.000000266862836
 3  3  1        0.000000266862836
 3  1  4        0.001965097874057
 3  4  1       -0.001965097874057
 3  1  5        0.646814260598448
 3  5  1       -0.646814260598448
 3  1  6        0.000000045604329
 3  6  1       -0.000000045604329
 3  2  3       -0.000000125055925
 3  3  2        0.000000125055925
 3  2  4       -0.000000021712733
 3  4  2        0.000000021712733
 3  2  5       -0.000000145320645
 3  5  2        0.000000145320645
 3  2  6        0.002646319087487
 3  6  2       -0.002646319087487
 3  3  4       -0.000000011882947
 3  4  3        0.000000011882947
 3  3  5        0.000000106030918
 3  5  3       -0.000000106030918
 3  3  6        0.000118059783760
 3  6  3       -0.000118059783760
 3  4  5        0.000000044536417
 3  5  4       -0.000000044536417
 3  4  6       -0.999996488151242
 3  6  4        0.999996488151242
 3  5  6       -0.000082111842764
 3  6  5        0.000082111842764
