 1  1  1      -0.000003542803275
 1  2  1     -17.038593561042958
 1  3  1       0.000000000000320
 2  1  1     -17.038593561042958
 2  2  1       0.000008558775589
 2  3  1       0.000000000000010
 3  1  1       0.000000000000320
 3  2  1       0.000000000000010
 3  3  1       0.000005015972314
 1  1  2      22.333832602084286
 1  2  2      -0.000002699340121
 1  3  2       0.000000000000000
 2  1  2      -0.000002699340121
 2  2  2       0.010371815088717
 2  3  2       0.000000000002652
 3  1  2       0.000000000000000
 3  2  2       0.000000000002652
 3  3  2      22.344204417173003
 1  1  3      -0.000008007191577
 1  2  3      -0.000002793140283
 1  3  3       0.000000000000000
 2  1  3      -0.000002793140283
 2  2  3       0.000001421405788
 2  3  3       0.000000000000107
 3  1  3       0.000000000000000
 3  2  3       0.000000000000107
 3  3  3      -0.000006583965804
 1  1  4       0.065093339145925
 1  2  4      -0.000000444266950
 1  3  4      -0.000000000000000
 2  1  4      -0.000000444266950
 2  2  4      -0.003799930647280
 2  3  4      -0.000000000909989
 3  1  4      -0.000000000000000
 3  2  4      -0.000000000909989
 3  3  4       0.061293408498860
 1  1  5       0.008780080400716
 1  2  5      -0.000005534200521
 1  3  5      -0.000000000000015
 2  1  5      -0.000005534200521
 2  2  5     -26.354545880490488
 2  3  5       0.000000000000132
 3  1  5      -0.000000000000015
 3  2  5       0.000000000000132
 3  3  5     -26.345765800089772
 1  1  6       0.000000048014645
 1  2  6      -0.005991384930406
 1  3  6      -0.000000000909992
 2  1  6      -0.005991384930406
 2  2  6      -0.000000746066344
 2  3  6       0.000000000000000
 3  1  6      -0.000000000909992
 3  2  6       0.000000000000000
 3  3  6      -0.000000698051699
