4
Reference geometry (ANGSTROMS)
  -0.000000930107453   -2.839978138160605    0.000000000000016 
   0.000000075992145    0.232167083844966    0.000000000057228 
   1.162212688049530    0.231909279671340   -0.000000000020674 
  -1.162212536114766    0.231909826376056   -0.000000000020673 
MODE 1, FREQUENCY = 26.9448588340 cm^-1
  -0.410131050527131   -0.000000011186851    0.000000000011871 
   0.033434557861335   -0.000000005861743    0.000000043586508 
   0.033524651962076    0.120534769461891   -0.000000015745707 
   0.033524609820261   -0.120534762739395   -0.000000015745687 
MODE 2, FREQUENCY = 55.0694164906 cm^-1
  -0.000000045490727   -0.376040850442842   -0.000000000000683 
   0.000000003192837    0.030199153083009   -0.000000002673179 
   0.000051327381695    0.030902862812192    0.000000000965686 
  -0.000051319572234    0.030902908486615    0.000000000965685 
MODE 3, FREQUENCY = 643.5014239032 cm^-1
  -0.000000013757852    0.000000037685753   -0.000014817451738 
   0.000000000456133   -0.000006426230681   -0.054404744195956 
   0.000000003423862    0.000002321143423    0.019653791140155 
  -0.000000000693959    0.000002313056843    0.019653791142170 
MODE 4, FREQUENCY = 643.5351504272 cm^-1
  -0.000000002180564   -0.000305793137003   -0.000000001753788 
   0.000000012010126    0.054429296667823   -0.000006422868117 
  -0.000005504645342   -0.019627011155204    0.000002320270732 
   0.000005496453627   -0.019627012381689    0.000002320270732 
MODE 5, FREQUENCY = 1274.9912279993 cm^-1
   0.000000002324550   -0.000030725103599   -0.000000000000389 
  -0.000000001288861   -0.000003105527971   -0.000000001428207 
  -0.027103069447286    0.000004543752223    0.000000000515942 
   0.027103069861487    0.000004532375371    0.000000000515942 
MODE 6, FREQUENCY = 2288.7494736315 cm^-1
  -0.000007790997231   -0.000000000130790   -0.000000000000096 
   0.028849057802033   -0.000000006263877   -0.000000000352091 
  -0.010420023792077    0.000004601078392    0.000000000127892 
  -0.010420022644819   -0.000004596524017    0.000000000126495 
